Round:3 score:92.36395495265012
Round:4 score:73.29690012192549
Round:5 score:70.50047615046427